     1.00000000     0.91689057     0.84577638     0.78581410     0.73554516     0.69347696     0.65825239     0.62868883     0.60377363     0.58264527     0.56457084     0.54892374     0.53516301     0.52281455     0.51145421     0.50069223     0.49015891     0.47949082     0.46831727     0.45624661     0.44285182     0.42765506     0.41011074     0.38958683     0.36534420     0.33651444     0.30207738     0.26084230     0.21144355     0.15237960     0.08218267     0.00000000
     0.98976497     0.90490007     0.83463394     0.77613483     0.72736294     0.68665614     0.65261823     0.62407108     0.60002085     0.57962851     0.56218339     0.54707957     0.53379480     0.52187194     0.51090230     0.50051052     0.49034063     0.48004273     0.46925988     0.45761482     0.44469599     0.43004250     0.41312750     0.39333960     0.36996194     0.34214860     0.30889819     0.26902451     0.22112282     0.16352204     0.09417316     0.01023503
     0.95947891     0.87831557     0.81173393     0.75674242     0.71113418     0.67318925     0.64152015     0.61498704     0.59264425     0.57370168     0.55749455     0.54345854     0.53110876     0.52002162     0.50981898     0.50015385     0.49069730     0.48112604     0.47111019     0.46030086     0.44831702     0.43473135     0.41905433     0.40071620     0.37904599     0.35324669     0.32236509     0.28525328     0.24051523     0.18642205     0.12075766     0.04052109
     0.91038172     0.83715414     0.77725324     0.72798082     0.68726063     0.65346935     0.62531291     0.60174330     0.58190151     0.56507658     0.55067446     0.53819348     0.52720414     0.51733231     0.50824462     0.49963553     0.49121561     0.48270040     0.47379950     0.46420548     0.45358208     0.44155143     0.42767943     0.41145895     0.39228973     0.36945392     0.34208499     0.30912683     0.26927683     0.22090274     0.16191910     0.08961828
     0.84448346     0.78267077     0.73215354     0.69068104     0.65647671     0.62813741     0.60454571     0.58480234     0.56817597     0.55406582     0.54197315     0.53147896     0.52222609     0.51390438     0.50623811     0.49897498     0.49187616     0.48470692     0.47722744     0.46918353     0.46029660     0.45025275     0.43869019     0.42518448     0.40923069     0.39022112     0.36741693     0.33991075     0.30657661     0.26600244     0.21640247     0.15551654
     0.76448201     0.71689670     0.67801857     0.64612718     0.61984630     0.59808067     0.57995703     0.56477499     0.55196828     0.54107475     0.53171323     0.52356532     0.51636094     0.50986650     0.50387491     0.49819706     0.49265408     0.48707011     0.48126532     0.47504867     0.46821024     0.46051267     0.45168125     0.44139217     0.42925804     0.41480980     0.39747367     0.37654116     0.35113047     0.32013742     0.28217654     0.23551799
     0.67365263     0.64242020     0.61690632     0.59597687     0.57871917     0.56440474     0.55245359     0.54240294     0.53388147     0.52658885     0.52027958     0.51475034     0.50982995     0.50537126     0.50124443     0.49733122     0.49351992     0.48970059     0.48576056     0.48157966     0.47702522     0.47194631     0.46616715     0.45947898     0.45163009     0.44231324     0.43114959     0.41766829     0.40128078     0.38124966     0.35665304     0.32634737
     0.57571389     0.56222990     0.55121910     0.54216887     0.53466730     0.52838836     0.52307652     0.51853231     0.51459988     0.51115677     0.50810579     0.50536871     0.50288133     0.50058965     0.49844678     0.49641043     0.49444072     0.49249824     0.49054217     0.48852828     0.48640685     0.48412010     0.48159924     0.47876057     0.47550072     0.47169032     0.46716598     0.46172016     0.45508878     0.44693688     0.43684334     0.42428611
     0.47467542     0.47957116     0.48358079     0.48682630     0.48941134     0.49142769     0.49295865     0.49408051     0.49486304     0.49536973     0.49565799     0.49577958     0.49578109     0.49570474     0.49558908     0.49546993     0.49538122     0.49535594     0.49542708     0.49562852     0.49599598     0.49656790     0.49738628     0.49849741     0.49995252     0.50180818     0.50412665     0.50697612     0.51043135     0.51457520     0.51950208     0.52532458
     0.37467373     0.39780329     0.41671605     0.43215825     0.44474260     0.45497521     0.46327674     0.46999865     0.47543611     0.47983828     0.48341677     0.48635270     0.48880279     0.49090462     0.49278133     0.49454592     0.49630522     0.49816369     0.50022720     0.50260682     0.50542286     0.50880913     0.51291773     0.51792435     0.52403438     0.53149009     0.54057912     0.55164486     0.56509940     0.58143993     0.60126994     0.62532627
     0.27980292     0.32025699     0.35333132     0.38036215     0.40244412     0.42047664     0.43520130     0.44723185     0.45707852     0.46516767     0.47185798     0.47745387     0.48221684     0.48637512     0.49013216     0.49367415     0.49717699     0.50081287     0.50475670     0.50919278     0.51432169     0.52036792     0.52758834     0.53628193     0.54680118     0.55956554     0.57507770     0.59394334     0.61689550     0.64482466     0.67881624     0.72019708
     0.19394701     0.25009519     0.29599955     0.33352898     0.36421361     0.38930875     0.40984680     0.42667955     0.44051253     0.45193308     0.46143349     0.46943016     0.47627964     0.48229236     0.48774449     0.49288847     0.49796268     0.50320054     0.50883946     0.51512997     0.52234540     0.53079241     0.54082293     0.55284793     0.56735347     0.58492003     0.60624559     0.63217385     0.66372867     0.70215644     0.74897805     0.80605299
     0.12062094     0.19018195     0.24705216     0.29355467     0.33159114     0.36272075     0.38822446     0.40915765     0.42639302     0.44065578     0.45255264     0.46259583     0.47122328     0.47881570     0.48571142     0.49221949     0.49863165     0.50523360     0.51231612     0.52018634     0.52917973     0.53967326     0.55210022     0.56696743     0.58487538     0.60654238     0.63283359     0.66479631     0.70370299     0.75110382     0.80889128     0.87937906
     0.06282669     0.14296428     0.20848195     0.26206045     0.30589409     0.34178144     0.37119948     0.39536418     0.41528019     0.43178156     0.44556534     0.45721944     0.46724601     0.47608124     0.48411247     0.49169338     0.49915776     0.50683255     0.51505058     0.52416360     0.53455612     0.54666056     0.56097445     0.57808026     0.59866884     0.62356735     0.65377289     0.69049337     0.73519720     0.78967403     0.85610896     0.93717331
     0.02293037     0.11037127     0.18186038     0.24032516     0.28816185     0.32733427     0.35945469     0.38585002     0.40761607     0.42566210     0.44074760     0.45351278     0.46450417     0.47419627     0.48301029     0.49133073     0.49952041     0.50793473     0.51693555     0.52690544     0.53826278     0.55147830     0.56709391     0.58574438     0.60818301     0.63531214     0.66822007     0.70822561     0.75693249     0.81629561     0.88870196     0.97706963
     0.00256534     0.09373481     0.16827259     0.22923203     0.27911242     0.31996190     0.35346183     0.38099576     0.40370604     0.42254034     0.43829005     0.45162211     0.46310569     0.47323487     0.48244816     0.49114577     0.49970537     0.50849686     0.51789694     0.52830392     0.54015345     0.55393584     0.57021567     0.58965442     0.61303727     0.64130500     0.67559243     0.71727504     0.76802562     0.82988340     0.90533842     0.99743466
     0.00256534     0.09373481     0.16827259     0.22923203     0.27911242     0.31996190     0.35346183     0.38099576     0.40370604     0.42254034     0.43829005     0.45162211     0.46310569     0.47323487     0.48244816     0.49114577     0.49970537     0.50849686     0.51789694     0.52830392     0.54015345     0.55393584     0.57021567     0.58965442     0.61303727     0.64130500     0.67559243     0.71727504     0.76802562     0.82988340     0.90533842     0.99743466
     0.02293037     0.11037127     0.18186038     0.24032516     0.28816185     0.32733427     0.35945469     0.38585002     0.40761607     0.42566210     0.44074760     0.45351278     0.46450417     0.47419627     0.48301029     0.49133073     0.49952041     0.50793473     0.51693555     0.52690544     0.53826278     0.55147830     0.56709391     0.58574438     0.60818301     0.63531214     0.66822007     0.70822561     0.75693249     0.81629561     0.88870196     0.97706963
     0.06282669     0.14296428     0.20848195     0.26206045     0.30589409     0.34178144     0.37119948     0.39536418     0.41528019     0.43178156     0.44556534     0.45721944     0.46724601     0.47608124     0.48411247     0.49169338     0.49915776     0.50683255     0.51505058     0.52416360     0.53455612     0.54666056     0.56097445     0.57808026     0.59866884     0.62356735     0.65377289     0.69049337     0.73519720     0.78967403     0.85610896     0.93717331
     0.12062094     0.19018195     0.24705216     0.29355467     0.33159114     0.36272075     0.38822446     0.40915765     0.42639302     0.44065578     0.45255264     0.46259583     0.47122328     0.47881570     0.48571142     0.49221949     0.49863165     0.50523360     0.51231612     0.52018634     0.52917973     0.53967326     0.55210022     0.56696743     0.58487538     0.60654238     0.63283359     0.66479631     0.70370299     0.75110382     0.80889128     0.87937906
     0.19394701     0.25009519     0.29599955     0.33352898     0.36421361     0.38930875     0.40984680     0.42667955     0.44051253     0.45193308     0.46143349     0.46943016     0.47627964     0.48229236     0.48774449     0.49288847     0.49796268     0.50320054     0.50883946     0.51512997     0.52234540     0.53079241     0.54082293     0.55284793     0.56735347     0.58492003     0.60624559     0.63217385     0.66372867     0.70215644     0.74897805     0.80605299
     0.27980292     0.32025699     0.35333132     0.38036215     0.40244412     0.42047664     0.43520130     0.44723185     0.45707852     0.46516767     0.47185798     0.47745387     0.48221684     0.48637512     0.49013216     0.49367415     0.49717699     0.50081287     0.50475670     0.50919278     0.51432169     0.52036792     0.52758834     0.53628193     0.54680118     0.55956554     0.57507770     0.59394334     0.61689550     0.64482466     0.67881624     0.72019708
     0.37467373     0.39780329     0.41671605     0.43215825     0.44474260     0.45497521     0.46327674     0.46999865     0.47543611     0.47983828     0.48341677     0.48635270     0.48880279     0.49090462     0.49278133     0.49454592     0.49630522     0.49816369     0.50022720     0.50260682     0.50542286     0.50880913     0.51291773     0.51792435     0.52403438     0.53149009     0.54057912     0.55164486     0.56509940     0.58143993     0.60126994     0.62532627
     0.47467542     0.47957116     0.48358079     0.48682630     0.48941134     0.49142769     0.49295865     0.49408051     0.49486304     0.49536973     0.49565799     0.49577958     0.49578109     0.49570474     0.49558908     0.49546993     0.49538122     0.49535594     0.49542708     0.49562852     0.49599598     0.49656790     0.49738628     0.49849741     0.49995252     0.50180818     0.50412665     0.50697612     0.51043135     0.51457520     0.51950208     0.52532458
     0.57571389     0.56222990     0.55121910     0.54216887     0.53466730     0.52838836     0.52307652     0.51853231     0.51459988     0.51115677     0.50810579     0.50536871     0.50288133     0.50058965     0.49844678     0.49641043     0.49444072     0.49249824     0.49054217     0.48852828     0.48640685     0.48412010     0.48159924     0.47876057     0.47550072     0.47169032     0.46716598     0.46172016     0.45508878     0.44693688     0.43684334     0.42428611
     0.67365263     0.64242020     0.61690632     0.59597687     0.57871917     0.56440474     0.55245359     0.54240294     0.53388147     0.52658885     0.52027958     0.51475034     0.50982995     0.50537126     0.50124443     0.49733122     0.49351992     0.48970059     0.48576056     0.48157966     0.47702522     0.47194631     0.46616715     0.45947898     0.45163009     0.44231324     0.43114959     0.41766829     0.40128078     0.38124966     0.35665304     0.32634737
     0.76448201     0.71689670     0.67801857     0.64612718     0.61984630     0.59808067     0.57995703     0.56477499     0.55196828     0.54107475     0.53171323     0.52356532     0.51636094     0.50986650     0.50387491     0.49819706     0.49265408     0.48707011     0.48126532     0.47504867     0.46821024     0.46051267     0.45168125     0.44139217     0.42925804     0.41480980     0.39747367     0.37654116     0.35113047     0.32013742     0.28217654     0.23551799
     0.84448346     0.78267077     0.73215354     0.69068104     0.65647671     0.62813741     0.60454571     0.58480234     0.56817597     0.55406582     0.54197315     0.53147896     0.52222609     0.51390438     0.50623811     0.49897498     0.49187616     0.48470692     0.47722744     0.46918353     0.46029660     0.45025275     0.43869019     0.42518448     0.40923069     0.39022112     0.36741693     0.33991075     0.30657661     0.26600244     0.21640247     0.15551654
     0.91038172     0.83715414     0.77725324     0.72798082     0.68726063     0.65346935     0.62531291     0.60174330     0.58190151     0.56507658     0.55067446     0.53819348     0.52720414     0.51733231     0.50824462     0.49963553     0.49121561     0.48270040     0.47379950     0.46420548     0.45358208     0.44155143     0.42767943     0.41145895     0.39228973     0.36945392     0.34208499     0.30912683     0.26927683     0.22090274     0.16191910     0.08961828
     0.95947891     0.87831557     0.81173393     0.75674242     0.71113418     0.67318925     0.64152015     0.61498704     0.59264425     0.57370168     0.55749455     0.54345854     0.53110876     0.52002162     0.50981898     0.50015385     0.49069730     0.48112604     0.47111019     0.46030086     0.44831702     0.43473135     0.41905433     0.40071620     0.37904599     0.35324669     0.32236509     0.28525328     0.24051523     0.18642205     0.12075766     0.04052109
     0.98976497     0.90490007     0.83463394     0.77613483     0.72736294     0.68665614     0.65261823     0.62407108     0.60002085     0.57962851     0.56218339     0.54707957     0.53379480     0.52187194     0.51090230     0.50051052     0.49034063     0.48004273     0.46925988     0.45761482     0.44469599     0.43004250     0.41312750     0.39333960     0.36996194     0.34214860     0.30889819     0.26902451     0.22112282     0.16352204     0.09417316     0.01023503
     1.00000000     0.91689057     0.84577638     0.78581410     0.73554516     0.69347696     0.65825239     0.62868883     0.60377363     0.58264527     0.56457084     0.54892374     0.53516301     0.52281455     0.51145421     0.50069223     0.49015891     0.47949082     0.46831727     0.45624661     0.44285182     0.42765506     0.41011074     0.38958683     0.36534420     0.33651444     0.30207738     0.26084230     0.21144355     0.15237960     0.08218267     0.00000000
