     1.00000000     0.75473998     0.61705045     0.53080346     0.46010051     0.37565510     0.24121190     0.00000000
     1.00000000     0.75473998     0.61705045     0.53080346     0.46010051     0.37565510     0.24121190     0.00000000
     0.81174490     0.64757039     0.56633029     0.51616020     0.47474377     0.42637526     0.34838150     0.18825510
     0.38873953     0.45786727     0.48526250     0.49366408     0.49723990     0.50744306     0.53808462     0.61126047
     0.04951557     0.31029756     0.42391072     0.47689450     0.51400948     0.56879483     0.68565433     0.95048443
     0.04951557     0.31029756     0.42391072     0.47689450     0.51400948     0.56879483     0.68565433     0.95048443
     0.38873953     0.45786727     0.48526250     0.49366408     0.49723990     0.50744306     0.53808462     0.61126047
     0.81174490     0.64757039     0.56633029     0.51616020     0.47474377     0.42637526     0.34838150     0.18825510
     1.00000000     0.75473998     0.61705045     0.53080346     0.46010051     0.37565510     0.24121190     0.00000000
     1.00000000     0.75473998     0.61705045     0.53080346     0.46010051     0.37565510     0.24121190     0.00000000
